25.689 13.15 18.734
26.19 14.716 19.588
26.532 14.668 18.933
26.217 14.274 19.315
26.395 14.814 18.841
26.276 14.587 19.396
26.504 14.736 18.708
26.099 14.661 19.522
26.264 14.775 18.809
26.201 15.135 18.967
25.992 14.662 19.495
26.51 14.627 18.817
26.276 14.483 19.504
26.438 14.583 18.802
26.291 14.828 19.484
26.604 14.374 18.67
26.239 14.591 19.276
26.474 14.498 18.823
26.228 14.595 19.514
26.436 14.67 18.856
26.461 14.11 19.339
26.283 14.536 19.605
26.468 14.587 18.891
26.294 14.337 19.363
26.402 14.767 18.77
26.263 14.307 19.441
26.476 14.587 18.789
26.185 14.429 19.279
26.389 14.971 18.819
26.081 14.662 19.415
26.285 14.707 18.705
26.376 14.242 19.435
26.546 14.573 18.795
26.614 14.587 18.778
26.392 15.01 19.343
26.268 14.673 18.793
26.179 14.625 19.526
26.533 14.265 18.781
26.195 14.618 19.337
26.83 14.387 18.782
26.457 14.728 19.323
26.482 14.655 18.727
26.341 14.579 19.449
26.17 14.801 18.86
26.032 14.489 19.516
26.409 14.618 18.834
26.174 14.488 19.524
26.357 14.595 18.824
26.231 14.584 19.554
26.612 14.43 18.754
26.234 14.572 19.375
26.32 14.332 19.28
26.289 14.988 18.938
26.301 14.45 19.564
26.464 14.73 18.899
26.263 14.606 19.587
26.478 14.822 18.913
26.146 14.513 19.374
26.205 15.06 18.879
26.209 15.16 18.899
26.069 14.727 19.482
26.646 13.804 18.876
26.168 14.143 19.328
26.326 14.493 19.572
26.405 14.81 18.908
26.215 14.662 19.591
26.453 14.478 18.915
26.294 14.422 19.358
26.623 14.346 18.7
26.313 14.775 18.911
26.219 14.239 19.413
26.348 15.145 19.239
26.395 14.408 19.283
26.159 14.672 19.482
26.31 14.92 18.802
26.178 14.814 18.693
26.21 14.522 19.372
26.574 14.438 18.786
26.234 14.405 19.442
26.236 14.443 18.699
26.041 14.342 19.406
26.435 14.52 18.903
26.017 14.725 19.478
26.573 14.484 18.66
26.311 14.398 19.346
26.431 14.812 18.771
26.159 14.488 19.378
26.628 14.631 18.904
26.224 14.926 19.449
26.541 14.605 18.817
26.431 14.248 19.456
