26.236 14.54 19.465
26.233 14.6 18.9
26.307 14.434 19.617
26.685 14.722 18.837
26.426 14.549 19.509
26.503 14.968 18.737
26.286 14.708 19.395
26.506 14.258 19.003
26.076 14.611 19.491
26.491 14.473 18.837
26.246 14.974 19.324
26.476 14.685 18.796
26.213 14.671 19.487
26.535 14.514 18.833
26.308 14.54 19.537
26.059 14.992 18.827
25.908 14.981 19.551
26.541 14.561 18.744
26.346 14.461 19.451
26.605 14.273 18.871
26.265 14.667 19.397
26.643 14.247 18.984
26.256 14.78 19.32
26.65 14.281 18.943
26.285 14.882 19.172
26.324 14.745 19.023
26.317 14.367 19.659
26.645 14.374 18.877
26.372 14.81 19.409
26.432 14.355 18.914
26.231 14.885 19.389
26.304 14.869 18.675
26.14 14.85 19.397
26.697 14.169 18.761
26.399 14.43 19.386
26.486 14.442 18.853
26.193 14.409 19.531
26.411 14.54 18.688
26.216 14.581 19.401
26.075 15.095 18.615
25.912 14.938 19.32
26.322 14.724 18.767
26.229 15.191 19.333
25.688 15.913 18.37
25.47 15.656 18.353
25.211 15.565 19.041
26.424 14.277 19.242
26.962 13.983 18.827
26.333 14.384 19.509
26.395 14.625 18.812
26.007 14.508 19.501
26.225 14.528 18.794
26.185 14.495 19.573
26.325 14.726 18.884
26.212 14.727 19.382
26.565 14.568 18.751
26.437 14.197 19.535
26.501 14.461 18.847
26.397 14.168 19.56
26.382 14.639 18.99
26.23 13.891 19.461
26.243 14.239 18.808
26.327 14.356 19.621
26.509 14.367 18.904
26.211 14.62 19.564
26.429 14.566 18.858
26.386 14.767 19.347
26.647 14.338 18.803
26.419 14.558 19.533
26.55 14.373 18.829
26.238 14.366 19.412
26.303 14.502 18.688
26.224 14.863 19.416
26.613 14.573 18.857
26.368 14.641 19.365
26.582 14.699 18.659
26.415 14.464 19.56
26.576 14.591 18.849
26.014 14.742 19.559
26.112 14.913 18.845
26.188 14.444 19.444
26.402 14.607 18.754
26.424 14.6 19.465
26.573 14.763 18.759
26.485 14.812 19.137
26.779 14.14 19.04
